<?xml version="1.0"?>
<opencv_storage>
<calibration_Time>"Sat Oct 19 23:55:27 2013"</calibration_Time>
<nrOfFrames>8</nrOfFrames>
<image_Width>640</image_Width>
<image_Height>480</image_Height>
<board_Width>7</board_Width>
<board_Height>7</board_Height>
<square_Size>50.</square_Size>
<FixAspectRatio>1.</FixAspectRatio>
<!-- flags:  +fix_aspectRatio +fix_principal_point +zero_tangent_dist -->
<flagValue>14</flagValue>
<Camera_Matrix type_id="opencv-matrix">
  <rows>3</rows>
  <cols>3</cols>
  <dt>d</dt>
  <data>
    8.1071030929382505e+02 0. 3.1950000000000000e+02 0.
    8.1071030929382505e+02 2.3950000000000000e+02 0. 0. 1.</data></Camera_Matrix>
<Distortion_Coefficients type_id="opencv-matrix">
  <rows>5</rows>
  <cols>1</cols>
  <dt>d</dt>
  <data>
    -1.3321466421617298e-01 -8.7326164209415646e-01 0. 0.
    1.0378475670598728e+01</data></Distortion_Coefficients>
<Avg_Reprojection_Error>6.1576200658218505e-01</Avg_Reprojection_Error>
<Per_View_Reprojection_Errors type_id="opencv-matrix">
  <rows>8</rows>
  <cols>1</cols>
  <dt>f</dt>
  <data>
    4.84640747e-01 4.26410556e-01 1.05673981e+00 5.35678566e-01
    3.82673234e-01 2.97286391e-01 6.34994030e-01 7.58230984e-01</data></Per_View_Reprojection_Errors>
<!-- a set of 6-tuples (rotation vector + translation vector) for each view -->
<Extrinsic_Parameters type_id="opencv-matrix">
  <rows>8</rows>
  <cols>6</cols>
  <dt>d</dt>
  <data>
    -1.1671492441891448e-01 -6.1599155532212369e-01
    -2.4408184963692452e-02 -3.0919008615271672e+01
    -1.6068803685351486e+02 8.6264128922167197e+02
    -1.2472251521784168e-01 -4.4636644093760747e-01
    -3.3443676601472253e-02 -3.6312665851958009e+01
    -1.6270020297410881e+02 8.4884013208432089e+02
    3.7593575693185116e-01 5.8458944827021397e-01 1.5280553922734359e+00
    1.7678168363366066e+02 -1.4077333909481877e+02
    8.6932847096387820e+02 6.0391816316692681e-01 7.4567806731351927e-01
    1.5510664188493271e+00 7.7135382127648711e+01
    -1.4814568301347072e+02 7.5986000533091351e+02
    2.6107808656616771e-01 4.1837115847931799e-01 1.5310690184925702e+00
    1.7135159986520517e+02 -1.5348847775621334e+02
    8.2001245304502515e+02 7.9066000769667702e-02 2.9097308976921682e-01
    1.5244449432328115e+00 1.9627420252721009e+02
    -1.5567680147124688e+02 8.3261000124248926e+02
    -2.6772632887375508e-01 7.2450909172483902e-01
    1.5499486618156475e+00 2.1384504801476248e+02
    -1.7629461388897533e+02 9.1710816562929358e+02
    -5.4776951037751864e-01 2.3782080351932666e-01
    1.1420520481303000e+00 1.5755971113296053e+02
    -2.1027709620866341e+02 9.3432506617003855e+02</data></Extrinsic_Parameters>
<Image_points type_id="opencv-matrix">
  <rows>8</rows>
  <cols>49</cols>
  <dt>"2f"</dt>
  <data>
    2.89925415e+02 8.94894791e+01 3.28092407e+02 9.47004089e+01
    3.64013824e+02 9.94676056e+01 3.97329254e+02 1.04507736e+02
    4.28503967e+02 1.08920700e+02 4.57978333e+02 1.13276253e+02
    4.85392090e+02 1.17351326e+02 2.92861053e+02 1.35055283e+02
    3.31384949e+02 1.38778641e+02 3.67193848e+02 1.42379364e+02
    4.00549225e+02 1.45902313e+02 4.32161346e+02 1.49091522e+02
    4.61468201e+02 1.52453781e+02 4.88479370e+02 1.55676758e+02
    2.95688965e+02 1.81261307e+02 3.33928558e+02 1.83875320e+02
    3.69763519e+02 1.86079102e+02 4.03379303e+02 1.88314026e+02
    4.34606201e+02 1.90347198e+02 4.64067932e+02 1.92370911e+02
    4.91338470e+02 1.94343796e+02 2.98118195e+02 2.28462097e+02
    3.36379456e+02 2.29319092e+02 3.72233856e+02 2.30246292e+02
    4.05502594e+02 2.30972977e+02 4.36695679e+02 2.31926865e+02
    4.66336273e+02 2.32597244e+02 4.93920288e+02 2.33326065e+02
    3.01414154e+02 2.75891266e+02 3.39807648e+02 2.75212128e+02
    3.76224701e+02 2.74488068e+02 4.09630768e+02 2.74080170e+02
    4.41100861e+02 2.73429291e+02 4.70548889e+02 2.72883148e+02
    4.98437744e+02 2.72451782e+02 3.04042480e+02 3.24049774e+02
    3.42386108e+02 3.21844055e+02 3.78592133e+02 3.19593079e+02
    4.12467926e+02 3.17586945e+02 4.44097046e+02 3.15788239e+02
    4.74113098e+02 3.13768494e+02 5.01626404e+02 3.12268005e+02
    3.06060181e+02 3.72432770e+02 3.44482361e+02 3.68592651e+02
    3.80664185e+02 3.64878265e+02 4.14477722e+02 3.61547974e+02
    4.46167175e+02 3.58283020e+02 4.76125641e+02 3.55098419e+02
    5.04134796e+02 3.52157135e+02 2.84495087e+02 8.53251801e+01
    3.27337463e+02 8.85982437e+01 3.68245972e+02 9.19439850e+01
    4.06640472e+02 9.52871704e+01 4.43388916e+02 9.84388733e+01
    4.78348724e+02 1.01653923e+02 5.11389282e+02 1.04723984e+02
    2.87455200e+02 1.31345566e+02 3.30618500e+02 1.33456024e+02
    3.71711517e+02 1.35807816e+02 4.10428162e+02 1.38129242e+02
    4.46954895e+02 1.40338501e+02 4.82342377e+02 1.42504730e+02
    5.14647583e+02 1.44797958e+02 2.90370972e+02 1.78268356e+02
    3.33484344e+02 1.79494385e+02 3.74439972e+02 1.80732864e+02
    4.13499207e+02 1.82054443e+02 4.50407867e+02 1.83188400e+02
    4.85369690e+02 1.84491638e+02 5.18386780e+02 1.85708191e+02
    2.92730347e+02 2.26056015e+02 3.36228882e+02 2.26233932e+02
    3.77307892e+02 2.26345856e+02 4.16323944e+02 2.26488831e+02
    4.52846497e+02 2.26531555e+02 4.88321198e+02 2.26776184e+02
    5.21973145e+02 2.26923157e+02 2.96400696e+02 2.74314423e+02
    3.39586823e+02 2.73153351e+02 3.80980286e+02 2.72223145e+02
    4.20435059e+02 2.71099579e+02 4.57606476e+02 2.70210571e+02
    4.92726898e+02 2.69183044e+02 5.26481750e+02 2.68365265e+02
    2.98690887e+02 3.23302277e+02 3.42386108e+02 3.21036377e+02
    3.84285431e+02 3.18690674e+02 4.23678314e+02 3.16518036e+02
    4.60724396e+02 3.14376648e+02 4.96691376e+02 3.12413361e+02
    5.30362183e+02 3.10411224e+02 3.00816010e+02 3.72771637e+02
    3.44702637e+02 3.69286896e+02 3.86603577e+02 3.65670898e+02
    4.26433594e+02 3.62411102e+02 4.63517242e+02 3.59083893e+02
    4.99389343e+02 3.55958893e+02 5.33210205e+02 3.52759033e+02
    4.82289398e+02 1.08767624e+02 4.82744934e+02 1.54773987e+02
    4.82343811e+02 2.00672989e+02 4.80560516e+02 2.47053787e+02
    4.78164734e+02 2.93851654e+02 4.74908936e+02 3.41632874e+02
    4.71374603e+02 3.90033875e+02 4.40461884e+02 1.13901978e+02
    4.40400757e+02 1.58338226e+02 4.40274933e+02 2.03214508e+02
    4.38429047e+02 2.48365540e+02 4.35563599e+02 2.93612213e+02
    4.33416138e+02 3.39918457e+02 4.30133881e+02 3.86883911e+02
    4.00819641e+02 1.18756668e+02 4.00322113e+02 1.61781509e+02
    4.00060791e+02 2.05346466e+02 3.98442627e+02 2.49211975e+02
    3.95201202e+02 2.93224731e+02 3.93494171e+02 3.38264557e+02
    3.90262848e+02 3.83571686e+02 3.64477386e+02 1.23687500e+02
    3.62349152e+02 1.65107727e+02 3.62481537e+02 2.07591797e+02
    3.60823639e+02 2.50213867e+02 3.57667908e+02 2.92795776e+02
    3.55868591e+02 3.36402649e+02 3.52685944e+02 3.80441772e+02
    3.29668457e+02 1.28228058e+02 3.26633850e+02 1.68227615e+02
    3.26371033e+02 2.09497360e+02 3.25346619e+02 2.50881546e+02
    3.22270660e+02 2.92534882e+02 3.20288086e+02 3.34704956e+02
    3.16968536e+02 3.77482910e+02 2.97033569e+02 1.32597290e+02
    2.93340576e+02 1.71327225e+02 2.92366882e+02 2.11302429e+02
    2.91552551e+02 2.51628113e+02 2.88772644e+02 2.92229980e+02
    2.86002838e+02 3.33100891e+02 2.82967255e+02 3.74500885e+02
    2.66155518e+02 1.36627808e+02 2.62496887e+02 1.74305374e+02
    2.60432373e+02 2.13065582e+02 2.59570435e+02 2.52372040e+02
    2.57232056e+02 2.91723022e+02 2.54165344e+02 3.31614105e+02
    2.51373352e+02 3.71811432e+02 4.01703003e+02 8.25765228e+01
    3.96366150e+02 1.34625549e+02 3.90514343e+02 1.87287140e+02
    3.85090973e+02 2.40533325e+02 3.77565002e+02 2.93614929e+02
    3.71494263e+02 3.47314362e+02 3.66286377e+02 4.00836395e+02
    3.64709625e+02 8.76554794e+01 3.58547577e+02 1.37292511e+02
    3.53474762e+02 1.87546097e+02 3.48268463e+02 2.38252457e+02
    3.41206177e+02 2.88872711e+02 3.35253357e+02 3.39924408e+02
    3.30608734e+02 3.91129730e+02 3.30692261e+02 9.22559433e+01
    3.24999298e+02 1.39810623e+02 3.19529083e+02 1.87826904e+02
